                                                Lidar1 -->> Lidar2
                                        
                                        
R =

   0.999811319737802  -0.017251832202952  -0.008927441391344
   0.017404902200834   0.999697765814620   0.017362211974198
   0.008625213245717  -0.017514317311811   0.999809409030325


t =

   0.923477457736049
  -0.040560981677261
   0.043967740049872
   
   
next
   
   
                                                Cam 0 (jobb oldalsó)
                                
                                
cammatrix =
734.5476776601686 0 670.4890424843348
 0 738.1844983190011 498.5202534408534
 0 0 1
 
discoeff =
-0.3253740919774429 0.09654664445011382 0 0 0
                        
lidar2

R =

  -0.066895020490874  -0.994226013370598   0.083902863900659
   0.127966645691634  -0.091945908775216  -0.987507208809096
   0.989519880459184  -0.055322546910881   0.133378491441972



t =

  -0.474646453693385
  -0.502101870311297
  -0.916363741813513


next

                                                Cam 1 (bal hátsó)
                                                
cammatrix =
513.5668021001629 0 646.4184549940393
 0 515.9513944544823 474.9160288641277
 0 0 1
 
discoeff =
-0.008810608055783042 0.006129098345942201 0 0 0



lidar1
R =

  -0.909274630681272   0.412565612902283  -0.054856732039012
   0.018580380352272  -0.091434580183945  -0.995637728801269
  -0.415781692075783  -0.906327387094282   0.075473518120261


t =

  -0.496634281548481
  -0.325328609383813
  -1.672216821333551



lidar2
R =

  -0.918331921738967   0.390223222071784  -0.066274568811352
   0.039766964796156  -0.075630821095031  -0.996342595401498
  -0.393808417921858  -0.917608748790249   0.053936204144125


t =

   0.344425892331955
  -0.184884905749650
  -1.354885354584543
  
  
next
                                                Cam 2 (bal oldalsó)
                                                
cammatrix =
728.7363217506427 0 635.2710696877012
 0 731.89203099611 486.4694918910633
 0 0 1
 
discoeff =
-0.2965385419407178 0.07161792493818486 0 0 0



lidar1

R =

  -0.014934966075384   0.999822928966299   0.011448034834754
   0.067777684514934   0.012435281624228  -0.997622949441682
  -0.997588658851995  -0.014123543612591  -0.067951403559471


t =

   0.423994018675453
  -0.070050765244571
  -1.005926757333010



lidar2

R =

   0.011095292585993   0.999935420693177   0.002459456360892
   0.040894578330088   0.002003786093757  -0.999161457575549
  -0.999101860645668   0.011186567143247  -0.040869704793576


t =

   0.576964180079131
  -0.150509153713142
  -0.083453696858499
  
  
next
  
                                                Cam 3 (jobb hátsó)
cammatrix =
481.4932025196928 0 646.4277082665302
 0 483.5451213412903 442.6767264654638
 0 0 1
 
discoeff =
-0.0007214825517519487 0.002354938880569895 0 0 0

lidar1

R =

  -0.951211457638019  -0.307980469305000  -0.018568612894552
   0.047829237157770  -0.087732963124589  -0.994995121221348
   0.304809984959583  -0.947338882189500   0.098183070642993

t =

  -0.521403690837284
  -0.330600788625635
  -1.210822777574323


next

                                                Cam 4 (bal első)
                                                
cammatrix =
774.3316790629223 0 644.4686880279397
 0 781.0520626286016 473.6598129715586
 0 0 1
 
discoeff =
-0.3079287463017346 0.07606051754199189 0 0 0


lidar1

R =

   0.992635310821430   0.112279484897858   0.045480292232081
   0.040795337661726   0.043677607258561  -0.998212405778065
  -0.114065245081530   0.992716265553879   0.038775455758145

t =

   1.040836949416587
  -0.304096696177540
   0.212435197082161
   
   
   
lidar2
   
R =
   0.993470566654756   0.112565871965202  -0.018578419184392
  -0.013476470836188  -0.045916740518844  -0.998854362594431
  -0.113289972744628   0.992582781136586  -0.044099939531507


t =

   0.089341243730995
   0.138724505669763
   0.135588652014578


next

                                                Cam 5 (jobb első)
cammatrix =
752.4036048283815 0 634.6204422928937
 0 755.3792911880862 499.8498549055128
 0 0 1
 
discoeff =
-0.3026665133214101 0.07371011816238444 0 0 0



lidar1
R =


   0.981440121750319  -0.188963927699809   0.032679067412950
  -0.019007979824560  -0.265426204252238  -0.963943788194746
   0.190824485121035   0.945431945792245  -0.264091748742329

t =

  -0.112921450961020
   1.241700469750582
  -0.083779875517599



lidar2

R =

   0.990322459314805  -0.134689848560459   0.033467465865193
   0.008536577368273  -0.181572344211960  -0.983340536469543
   0.138522754172420   0.974109916032135  -0.178665380150585


t =

  -1.245262532987137
   0.710807270319788
  -0.126721956994237

next
